1094387
1060279
1018992
1063798
1077366
991694
1055731
924939
1023876
967783
1029557
1044658
980173
961534
986558
1094903
1010522
1117029
993600
1096308
994408
1126310
974231
1097294
998630
1114035
1066536
975035
1114185
1058925
1043459
956750
1105864
1113985
1001006
1067891
1038876
1061158
1039394
1104198
995934
1141152
961772
1090708
1021425
1045398
991371
1009569
1097426
1104541
1157159
1050990
1105250
1133321
1056437
1170594
1070238
1155414
1168882
1128142
1095452
1111274
1107058
1087238
1199874
1018510
1194714
1085630
1096936
1175370
1154944
1194790
1067087
1173168
1073009
1126164
1114089
1096234
1152827
1139741
1202441
1039928
1065219
1161517
1207071
1129135
1043100
1158164
1103184
1041995
1187309
1170472
1212017
1172894
1050315
1216827
1204224
1218791
1140686
1061748
1160495
1178883
1194497
1248176
1056185
1086090
1208312
1211992
1213717
1099144
1233763
1092679
1098760
1196093
1186289
1097083
1254537
1195251
1102238
1245877
1186442
1169669
1090420
1234520
1219820
1141879
1063575
1097702
1213462
1319315
1107649
1186037
1199659
1263958
1165242
1243095
1312986
1189332
1189436
1189035
1142919
1151593
1192636
1162472
1125798
1252766
1306759
1209932
1119024
1119191
1276540
1192770
1244956
1308305
1282951
1125637
1184445
1118819
1181448
1252267
1237918
1282722
1223208
1271745
1199912
1252873
1144894
1227997
1250452
1326567